loop_wait1: 1.88973 sec
loop_wait2: 5.20326 sec
loop_wait3: 0.709899 sec
Total [total_func]: 8.30423 sec
